1 Иван Иванов 989954232 5 965965957569 40
2 Светлана Петрова 9899566723 58 8956295959592 1111
3 Кристина Белова 9898762323 0 1748959295 741
4 Анна Мусина 9899563423 147 3243578709764 2
5 Анна Крутова 9878562323 694 7849815494949 8
6 Иван Юрин 9899987323 784 19845184645 849
7 Петр Лыков 9866662323 849 8794641187874 87944
8 Павел Чернов 984262323 88756 9849816984 774
9 Петр Чернышов 9895322323 9744 194498498484 55
10 Мария Федорова 989532362323 7415588 198498984984 88755
11 Марина Светлова 9891112323 785 17442295985 258
12 Мария Савина 9899789323 585 474926294994 963
13 Мария Рыкова 9834562323 2486 71984984981 8625
14 Марина Лугова 9899577323 4 9848194844899494 474
15 Анна Владимирова 98993332323 7461 1782959625846 149
16 Иван Мечников 98995321353 4785 7482929252562 4786
17 Петр Петин 98989962323 874 1784856574954 122
18 Иван Ежов 98678862323 75 184949949996 951